File Name,Names,Credit Card,Dl Nums,DOB,Emails,Ip_add,Mac Address,Phone Number,SSN Nums,VIN Nums,Non Compliance Elemets
Policy control sheet.pdf,,,,,,,,,,,0
